Subject, Waytotal, Total, PAG_NVox, AON, AON_NVox, AON_NVoxPath, PirF, PirF_NVox, PirF_NVoxPath, PirT, PirT_NVox, PirT_NVoxPath, Tub, Tub_NVox, Tub_NVoxPath, 
100206, 1300888  , 14265.999930, 267, 191.000029, 330, 107, 3432.000102, 247, 257, 3529.000126, 457, 257, 7114.000090, 189, 263, 
100610, 944237  , 9083.000064, 193, 1173.000015, 484, 135, 2351.999997, 295, 183, 2551.000088, 553, 182, 3006.999924, 201, 178, 
101006, 957602  , 44929.000032, 196, 1483.000065, 288, 171, 13225.000040, 179, 196, 12327.999964, 336, 196, 17892.999930, 169, 195, 
101309, 940309  , 3335.000075, 191, 57.999991, 333, 43, 861.999952, 225, 176, 1267.000064, 425, 176, 1148.000000, 176, 175, 
101915, 939125  , 53234.999907, 191, 666.000000, 342, 144, 11750.999967, 180, 189, 18847.000063, 341, 191, 21971.000074, 161, 191, 
102311, 882814  , 44057.999962, 180, 3053.999973, 376, 159, 8575.000056, 215, 177, 5645.000034, 434, 173, 26784.000018, 167, 177, 
102513, 1034420  , 4090.000036, 209, 59.000015, 373, 37, 1404.000052, 363, 172, 1089.000084, 818, 178, 1538.000055, 254, 155, 
103414, 911888  , 81348.000064, 188, 2314.000044, 271, 171, 23855.000024, 212, 188, 18627.999928, 441, 188, 36551.000044, 127, 188, 
103515, 906952  , 16476.000042, 184, 360.000038, 363, 103, 5186.000052, 202, 174, 4558.999926, 392, 174, 6371.000082, 176, 174, 
103818, 781158  , 12857.000023, 162, 934.000008, 258, 92, 3891.999993, 184, 161, 4310.000000, 396, 160, 3721.000009, 141, 157, 
105115, 1055094  , 5046.999984, 215, 174.000005, 363, 95, 1352.999956, 211, 196, 1412.000000, 448, 200, 2108.000000, 170, 200, 
106016, 823423  , 28942.000022, 169, 482.999952, 234, 122, 8787.000027, 199, 169, 10082.000045, 422, 169, 9589.999978, 147, 169, 
107321, 903651  , 25445.000085, 185, 6069.999943, 240, 161, 5620.000089, 211, 183, 5541.999918, 402, 182, 8213.000075, 160, 185, 
107422, 889832  , 10559.000082, 186, 28.999998, 345, 27, 2598.000064, 229, 176, 2993.999925, 455, 175, 4937.999940, 185, 180, 
108121, 818679  , 30452.999931, 167, 2624.000016, 230, 152, 8401.999959, 205, 167, 8012.000016, 383, 167, 11414.999931, 152, 167, 
108222, 899566  , 7984.999932, 184, 389.000028, 335, 93, 2303.999973, 195, 177, 2732.000040, 431, 180, 2559.999925, 177, 175, 
109830, 811671  , 32131.999990, 166, 381.999940, 325, 133, 9096.999945, 210, 165, 7370.000055, 391, 165, 15282.999990, 164, 166, 
110007, 876037  , 38861.000050, 178, 1038.999976, 247, 161, 7647.000030, 183, 177, 5841.000000, 388, 177, 24334.000002, 120, 177, 
110411, 1066302  , 23960.000067, 219, 381.999942, 350, 149, 7907.999991, 215, 219, 5392.000010, 439, 218, 10278.000033, 157, 219, 
110613, 1046168  , 58242.000106, 214, 299.999952, 424, 102, 17610.000056, 218, 212, 17901.999924, 535, 213, 22429.999932, 169, 213, 
112112, 1026546  , 25674.999932, 207, 383.999940, 322, 135, 6785.000005, 207, 205, 6747.999965, 416, 205, 11758.000090, 165, 205, 
112314, 981053  , 72387.000031, 199, 481.000000, 432, 148, 21602.000036, 217, 199, 15504.000052, 475, 199, 34800.000028, 194, 199, 
112920, 1091300  , 12073.000065, 222, 237.000008, 356, 109, 4288.000025, 246, 211, 3118.000080, 472, 208, 4429.999912, 186, 212, 
113619, 1133895  , 87738.000012, 234, 757.000015, 343, 205, 31877.999946, 210, 234, 16937.999910, 407, 234, 38165.000094, 163, 234, 
113922, 985727  , 89196.000078, 199, 131.999983, 389, 67, 31223.000042, 224, 197, 20328.000025, 498, 193, 37513.000040, 157, 197, 
116524, 873348  , 42203.999961, 180, 266.000028, 317, 73, 13609.000074, 200, 163, 10971.999996, 425, 164, 17357.000004, 152, 171, 
118124, 726157  , 26313.000068, 149, 937.000028, 316, 101, 4163.000046, 160, 138, 4999.999997, 353, 139, 16212.999970, 139, 146, 
118528, 973882  , 59106.000029, 198, 1474.000066, 265, 154, 19826.000018, 214, 197, 10987.000078, 411, 197, 26819.000032, 153, 197, 
119126, 926375  , 17366.000006, 191, 447.000000, 359, 150, 6757.999990, 201, 190, 5525.000082, 376, 191, 4635.999939, 128, 183, 
121416, 982847  , 21537.000024, 204, 259.999980, 421, 106, 5763.999960, 250, 194, 7088.000082, 471, 201, 8425.000024, 193, 196, 
122822, 891826  , 14092.999920, 181, 92.000025, 316, 65, 2755.000024, 213, 172, 2836.000023, 406, 177, 8409.999960, 172, 180, 
123117, 1128317  , 24027.999956, 230, 244.000032, 430, 96, 4214.999892, 246, 222, 4323.000000, 484, 220, 15246.000092, 195, 227, 
124422, 981591  , 42233.000028, 201, 314.999971, 340, 143, 11616.000000, 209, 200, 9298.999957, 436, 199, 21003.000000, 158, 200, 
124826, 1007029  , 30623.999964, 206, 363.000060, 367, 123, 8445.000010, 290, 205, 11088.999982, 505, 206, 10727.000096, 201, 206, 
127630, 948986  , 22492.000074, 199, 340.000050, 323, 130, 7664.000058, 194, 198, 5324.000031, 374, 199, 9163.999944, 146, 198, 
128632, 1037507  , 39517.999920, 212, 6539.000069, 337, 203, 9577.000020, 234, 210, 5656.999944, 412, 212, 17745.000000, 166, 208, 
129028, 1093047  , 7500.999936, 224, 442.000017, 226, 153, 3636.999960, 265, 220, 2195.999948, 612, 214, 1225.999950, 199, 197, 
129129, 1016165  , 42853.999956, 207, 450.999990, 396, 126, 10968.999985, 186, 205, 10179.000036, 465, 204, 21255.000072, 163, 206, 
129634, 873485  , 30662.999976, 178, 203.999994, 266, 107, 9358.999962, 195, 177, 12410.999920, 451, 176, 8688.999968, 186, 176, 
130013, 1099122  , 35967.999953, 227, 150.999996, 418, 84, 13267.000018, 236, 227, 9547.000038, 518, 226, 13002.999968, 197, 224, 
130316, 930351  , 7363.999973, 190, 358.000008, 286, 102, 1871.000031, 214, 167, 2101.000038, 410, 178, 3034.000011, 160, 177, 
130417, 1173603  , 52628.999967, 237, 822.000033, 380, 157, 12909.000108, 205, 236, 7872.999981, 457, 231, 31025.000001, 165, 237, 
131217, 815490  , 14726.999996, 172, 504.000042, 311, 133, 4245.000076, 191, 172, 4128.000021, 346, 171, 5850.000016, 143, 172, 
131823, 1107091  , 6871.999950, 228, 246.000004, 266, 124, 1931.000032, 193, 208, 2808.999978, 458, 218, 1885.999920, 169, 210, 
132017, 878716  , 35557.000020, 180, 282.999942, 363, 127, 12731.000040, 207, 180, 8042.000040, 426, 180, 14500.999980, 144, 180, 
133019, 1052599  , 59943.999990, 213, 1618.000064, 383, 178, 20573.999937, 317, 213, 13915.999929, 625, 213, 23835.999939, 221, 213, 
133827, 1211530  , 6581.000036, 247, 206.000010, 399, 90, 1975.999944, 195, 188, 1913.999976, 383, 196, 2484.999932, 195, 194, 
134021, 820755  , 27795.000064, 169, 884.000034, 253, 153, 8662.000022, 233, 169, 6465.999995, 409, 169, 11782.999917, 163, 169, 
134223, 910912  , 17932.999908, 187, 540.000003, 391, 107, 4889.000001, 241, 183, 3828.999960, 538, 180, 8675.000076, 167, 183, 
134425, 918669  , 35885.000080, 188, 840.000000, 349, 168, 9133.999928, 222, 188, 6197.999995, 423, 187, 19713.000004, 163, 188, 
134728, 1185405  , 16939.999979, 242, 249.999952, 383, 116, 5437.999940, 216, 230, 5157.999990, 421, 234, 6093.999900, 175, 225, 
135528, 762329  , 40755.999925, 155, 1921.000050, 283, 150, 12579.999950, 213, 155, 9461.000050, 363, 155, 16793.999985, 136, 155, 
135730, 1058268  , 71893.000105, 215, 360.999960, 470, 120, 19012.999970, 279, 215, 20542.999955, 551, 215, 31975.999915, 217, 215, 
135932, 929334  , 29710.000020, 189, 144.000000, 378, 80, 8648.000000, 232, 184, 6097.999956, 443, 186, 14819.999980, 163, 185, 
136732, 999786  , 59732.999919, 207, 3748.999941, 226, 201, 17752.999995, 174, 207, 19332.999945, 391, 207, 18898.000002, 131, 207, 
136833, 993752  , 15942.000000, 203, 677.999934, 383, 138, 5061.000026, 228, 194, 4352.000039, 427, 193, 5851.000036, 200, 194, 
137229, 1268710  , 92327.999926, 257, 130.000008, 437, 86, 26392.999986, 283, 257, 20911.000063, 567, 257, 44894.000025, 210, 257, 
137633, 1091791  , 20290.000055, 223, 690.999960, 361, 147, 7582.000095, 187, 219, 5491.000020, 408, 220, 6526.000040, 156, 218, 
138231, 948884  , 41549.000024, 196, 1230.000084, 345, 174, 12503.999928, 211, 196, 10108.000084, 383, 196, 17707.000052, 158, 196, 
139233, 1002129  , 21415.000075, 205, 831.999924, 219, 153, 6943.000056, 208, 204, 7024.000092, 387, 204, 6616.000055, 192, 205, 
139637, 821540  , 33676.999944, 168, 1460.000025, 414, 135, 7281.999984, 217, 168, 6504.000048, 444, 168, 18430.999944, 181, 168, 
139839, 1203683  , 50713.999920, 246, 191.000058, 409, 123, 11059.999920, 258, 240, 14383.999920, 464, 240, 25079.000100, 197, 238, 
140117, 899612  , 56139.000066, 186, 229.999966, 366, 106, 19698.000036, 220, 186, 14731.999986, 427, 186, 21479.000070, 179, 186, 
141119, 1004285  , 27152.999939, 204, 37.000000, 337, 32, 6553.000091, 241, 191, 4742.999970, 424, 177, 15819.999975, 170, 195, 
141826, 932600  , 24700.000052, 192, 185.999958, 331, 102, 6610.000050, 242, 185, 7010.000030, 498, 190, 10893.999959, 161, 191, 
144125, 888040  , 35188.000040, 181, 231.000016, 341, 104, 10270.999936, 223, 181, 10402.999978, 392, 181, 14283.000000, 181, 180, 
144731, 823726  , 10613.999968, 169, 228.000024, 272, 84, 4091.000000, 218, 160, 3436.999968, 430, 159, 2858.000064, 126, 152, 
146129, 1045092  , 34174.000046, 214, 254.000054, 347, 121, 10731.000066, 246, 213, 10482.999906, 456, 213, 12706.000048, 191, 214, 
146432, 1131536  , 42766.999940, 230, 153.000020, 436, 86, 10186.000092, 313, 228, 13166.999980, 557, 230, 19260.999940, 208, 230, 
146533, 1054615  , 21048.000028, 214, 132.000036, 364, 92, 6747.999930, 236, 210, 4554.999960, 507, 210, 9613.000080, 168, 212, 
146937, 883893  , 37899.999956, 182, 1794.999934, 257, 182, 7731.000004, 180, 182, 7394.000068, 339, 182, 20979.999950, 150, 182, 
147030, 1022877  , 21913.000015, 208, 53.000017, 283, 49, 4418.999928, 210, 189, 5979.999960, 476, 198, 11461.000048, 148, 202, 
148133, 817356  , 27928.000024, 166, 1590.999978, 335, 131, 6502.999965, 192, 165, 6703.999995, 490, 165, 13130.000076, 145, 166, 
149236, 1108751  , 53125.000100, 224, 473.999967, 348, 153, 15217.999940, 250, 220, 9631.999910, 501, 221, 27800.999903, 204, 223, 
149337, 1096711  , 39755.000096, 224, 267.999996, 411, 132, 9262.000062, 224, 222, 7807.999962, 452, 222, 22417.000032, 171, 224, 
149539, 1126749  , 6659.000062, 232, 149.000004, 356, 79, 1074.000032, 217, 196, 1573.000084, 485, 197, 3862.999950, 178, 213, 
149842, 865457  , 83198.000046, 177, 1764.000032, 416, 146, 26279.999952, 222, 177, 19776.999968, 485, 176, 35377.000032, 147, 176, 
150625, 1144746  , 34980.000040, 235, 422.000032, 434, 152, 9156.999895, 255, 235, 7199.000105, 522, 235, 18201.999965, 217, 235, 
150928, 803946  , 3654.000014, 163, 406.000002, 256, 101, 682.000050, 224, 150, 769.000032, 392, 144, 1797.000030, 171, 147, 
151627, 915786  , 13135.000041, 186, 184.999960, 357, 95, 3810.000036, 220, 172, 3147.000050, 460, 170, 5992.999914, 156, 173, 
152831, 1305191  , 111388.000088, 271, 160.999960, 478, 110, 35849.999976, 255, 266, 23999.999880, 507, 267, 51377.000032, 194, 268, 
153227, 729623  , 35745.999960, 149, 478.999962, 315, 129, 8586.999928, 170, 149, 11184.999986, 341, 149, 15495.000061, 137, 149, 
154229, 1026661  , 45514.000064, 208, 1503.000028, 341, 188, 12986.000010, 216, 206, 15815.999979, 420, 207, 15208.999936, 179, 208, 
154532, 1087131  , 17618.000042, 221, 243.000048, 343, 116, 5133.999937, 212, 209, 4098.000060, 446, 210, 8143.000028, 168, 214, 
154734, 1027708  , 52366.000016, 210, 807.999941, 439, 167, 12319.000096, 237, 208, 9891.000080, 487, 208, 29348.000077, 282, 209, 
154835, 1005532  , 32544.000100, 205, 1622.999952, 285, 196, 10808.999945, 264, 205, 6463.999935, 516, 205, 13648.000050, 203, 205, 
154936, 1030374  , 16489.999968, 218, 330.999992, 427, 92, 6059.999937, 254, 197, 3207.999936, 488, 192, 6890.999915, 187, 197, 
155635, 1024849  , 35650.999904, 208, 591.999980, 301, 143, 11200.999977, 206, 207, 10656.000027, 404, 207, 13202.000032, 165, 208, 
155938, 1377270  , 11267.000064, 279, 201.000012, 374, 114, 1701.000000, 244, 210, 4767.999918, 516, 242, 4596.999925, 208, 245, 
158035, 978567  , 32323.999950, 198, 1282.000041, 206, 189, 8763.000048, 211, 198, 10105.000092, 448, 198, 12173.999955, 153, 195, 
159138, 1049078  , 23703.000023, 215, 90.000016, 356, 59, 6784.999958, 234, 206, 5058.000000, 487, 200, 11769.999901, 171, 209, 
159239, 960608  , 40687.999950, 195, 1070.000022, 348, 182, 12325.999908, 198, 194, 11076.999972, 403, 194, 16214.999970, 154, 195, 
159340, 994848  , 776.999992, 205, 25.999995, 310, 21, 278.999997, 238, 109, 334.000010, 402, 122, 138.000000, 194, 75, 
159441, 952341  , 23972.000022, 195, 298.000062, 261, 129, 7281.999914, 140, 191, 7907.000016, 389, 193, 8485.000050, 105, 190, 
160830, 941973  , 7223.000036, 198, 550.000059, 405, 147, 2034.000000, 222, 192, 2035.999956, 421, 188, 2603.000064, 189, 192, 
161731, 929434  , 11192.000069, 191, 286.000065, 264, 135, 3808.999920, 191, 190, 3162.000012, 436, 188, 3935.000034, 155, 189, 
162329, 836519  , 23139.999927, 171, 542.000025, 283, 147, 6434.999970, 151, 170, 6063.999960, 339, 170, 10099.000080, 135, 171, 
162733, 845242  , 22451.000040, 174, 245.000008, 297, 88, 5927.000040, 188, 162, 4815.999990, 393, 162, 11463.000024, 144, 168, 
163331, 993059  , 18287.000064, 201, 1814.000055, 374, 127, 3364.000031, 240, 163, 2932.000005, 511, 165, 10177.000052, 170, 188, 
163836, 829409  , 3528.000036, 174, 111.000015, 299, 63, 1025.999994, 164, 149, 561.999981, 410, 129, 1829.000055, 141, 159, 
164030, 1015550  , 17470.999962, 207, 144.000012, 338, 78, 6692.000022, 219, 206, 6366.999936, 460, 204, 4268.000026, 180, 202, 
164939, 839461  , 25788.000078, 171, 73.000023, 343, 51, 4936.999930, 163, 158, 5641.000035, 322, 165, 15137.000028, 160, 171, 
167238, 770793  , 17663.000000, 160, 586.000064, 353, 136, 5617.000000, 208, 160, 5318.999970, 414, 159, 6141.000000, 179, 160, 
168240, 1142694  , 16353.000000, 232, 278.000041, 244, 121, 2784.000030, 191, 210, 3140.000052, 395, 212, 10151.000100, 142, 225, 
169949, 981371  , 17278.999974, 201, 793.000005, 286, 105, 4614.999999, 196, 201, 3666.000000, 432, 200, 8205.000000, 146, 200, 
170631, 868687  , 22444.000020, 180, 101.999972, 330, 74, 7191.999932, 195, 178, 4667.000064, 407, 177, 10483.000053, 145, 177, 
171633, 742404  , 3373.000050, 156, 549.999990, 331, 90, 747.999980, 227, 130, 557.000026, 409, 121, 1518.000004, 171, 137, 
172938, 900870  , 22953.000036, 186, 456.999975, 312, 135, 7489.000026, 202, 186, 7343.000070, 343, 186, 7663.999986, 177, 186, 
173435, 890787  , 28295.000010, 185, 1139.999974, 240, 146, 8593.999920, 206, 180, 9067.000016, 464, 184, 9493.999974, 147, 179, 
173536, 895481  , 21543.000048, 184, 1207.999989, 319, 147, 5848.999920, 237, 180, 5319.000056, 437, 184, 9167.000029, 163, 181, 
173738, 1104570  , 21332.000032, 224, 540.999976, 419, 187, 6838.000064, 243, 224, 4758.000052, 481, 221, 9195.000035, 187, 221, 
173839, 722988  , 15384.000000, 150, 373.000045, 346, 121, 4945.000050, 211, 150, 3832.000050, 362, 150, 6234.000000, 148, 150, 
173940, 955337  , 20560.000017, 199, 590.000040, 290, 168, 5680.000086, 188, 199, 5246.999966, 376, 199, 9042.999989, 150, 199, 
174437, 719404  , 15293.999955, 149, 171.000016, 266, 88, 4882.999988, 195, 149, 2953.000008, 407, 149, 7286.999960, 139, 149, 
175035, 865739  , 20040.000003, 177, 638.999946, 438, 117, 5543.000050, 219, 175, 3049.999920, 334, 170, 10808.000019, 185, 177, 
175237, 865451  , 68075.999964, 178, 686.000000, 262, 160, 23413.000024, 172, 178, 15513.999934, 355, 178, 28462.999932, 116, 178, 
175338, 1126496  , 69970.999970, 230, 1063.999937, 388, 203, 23238.999900, 239, 230, 17350.000090, 525, 230, 28317.999970, 161, 230, 
175439, 762429  , 54302.000020, 155, 744.999968, 243, 139, 14989.000030, 174, 155, 12625.000015, 341, 155, 25943.000070, 150, 155, 
175742, 847638  , 14235.000016, 174, 277.999988, 335, 92, 2862.000000, 203, 159, 3808.999920, 447, 165, 7286.000064, 135, 168, 
176037, 815729  , 41077.000068, 169, 4775.999922, 255, 162, 9513.000029, 174, 169, 7242.999919, 407, 167, 19545.000048, 145, 168, 
178950, 1141485  , 113700.000024, 232, 1012.000023, 410, 207, 36540.999957, 242, 231, 25054.000050, 455, 230, 51092.999958, 190, 231, 
179346, 799715  , 54140.000022, 162, 877.000020, 355, 145, 15013.000080, 260, 162, 12694.000050, 464, 162, 25555.999932, 192, 162, 
180129, 850383  , 18078.999980, 173, 116.999988, 392, 69, 4752.999980, 193, 166, 6410.999952, 425, 168, 6798.000048, 139, 168, 
181131, 870576  , 19561.000025, 177, 171.000032, 337, 92, 4590.000084, 183, 172, 10328.000025, 360, 175, 4471.999922, 155, 169, 
181232, 947517  , 11578.999965, 203, 1690.000029, 300, 159, 2722.000008, 209, 199, 2977.000096, 432, 196, 4190.000000, 160, 200, 
181636, 807110  , 14621.000065, 163, 63.999994, 281, 47, 3636.000018, 188, 153, 2706.999980, 408, 155, 8214.000000, 139, 160, 
182436, 832010  , 9337.000008, 169, 209.000040, 228, 85, 2236.999995, 196, 153, 2851.000000, 441, 160, 4040.000017, 157, 151, 
183034, 1108872  , 74632.999950, 225, 223.000024, 467, 104, 12685.999916, 275, 223, 9746.999960, 509, 223, 51977.000025, 201, 225, 
185139, 861343  , 48183.000075, 175, 680.999967, 465, 141, 17458.000000, 249, 175, 10805.999925, 479, 175, 19238.000075, 184, 175, 
185442, 1272024  , 91386.000108, 259, 234.999960, 487, 120, 27796.999896, 298, 248, 17377.000000, 529, 250, 45976.999992, 216, 248, 
186141, 881406  , 23758.000003, 180, 767.000022, 297, 131, 3209.000044, 202, 172, 4646.000016, 428, 172, 15136.000075, 135, 175, 
186444, 1115135  , 65086.999944, 228, 570.000000, 450, 200, 18084.999900, 242, 228, 16958.000004, 458, 228, 29474.000040, 152, 228, 
187345, 913392  , 16488.000064, 186, 282.999941, 326, 137, 2589.999952, 202, 181, 5255.000072, 451, 184, 8360.000072, 150, 184, 
188448, 1072797  , 54793.000066, 219, 1827.000045, 417, 195, 17946.000018, 261, 218, 12558.999895, 519, 215, 22460.999980, 197, 218, 
188549, 1141236  , 14742.999974, 233, 215.000012, 440, 118, 3734.999961, 291, 231, 3746.999984, 564, 232, 7045.999919, 196, 233, 
188751, 1295305  , 18156.999973, 263, 102.000024, 432, 72, 4188.999930, 240, 246, 4650.999947, 449, 253, 9215.000025, 208, 245, 
189450, 1183653  , 40355.000010, 240, 34.000006, 184, 29, 11140.999995, 135, 229, 2796.000093, 377, 213, 26384.000016, 122, 232, 
191033, 1074125  , 42766.000080, 222, 939.000060, 345, 180, 13175.000034, 239, 222, 10915.999965, 446, 221, 17736.000040, 156, 220, 
192035, 841694  , 11587.000080, 170, 1080.999945, 277, 135, 2891.999955, 181, 167, 3525.000024, 309, 168, 4088.999954, 166, 169, 
192136, 1088615  , 12169.000008, 224, 108.999975, 440, 75, 2876.000058, 321, 201, 2734.999915, 545, 205, 6448.999980, 249, 204, 
192843, 1294219  , 12582.000036, 262, 578.999986, 319, 157, 3033.999932, 233, 229, 3043.999920, 476, 240, 5925.000060, 169, 252, 
194645, 989473  , 57517.000048, 202, 347.999946, 429, 129, 14724.999906, 251, 201, 15695.000040, 496, 202, 26748.999984, 192, 202, 
194746, 1064880  , 19846.999944, 216, 2068.000025, 321, 175, 5492.999936, 215, 214, 3227.999980, 438, 212, 9058.000042, 175, 214, 
195445, 875938  , 126485.000048, 179, 934.999983, 368, 153, 42423.000000, 230, 179, 22241.000063, 521, 179, 60885.999929, 159, 179, 
195849, 1103314  , 27877.000050, 226, 76.000022, 380, 61, 5844.000096, 233, 216, 6484.000107, 447, 221, 15473.000032, 196, 224, 
195950, 1082215  , 28735.999971, 218, 1037.000060, 351, 173, 9890.999965, 205, 217, 5902.000004, 395, 211, 11906.000082, 167, 213, 
197348, 882043  , 33095.999952, 182, 490.000000, 232, 98, 3642.000000, 234, 160, 8095.999959, 454, 171, 20867.999970, 176, 170, 
198249, 905073  , 1699.000072, 187, 70.000001, 292, 43, 457.999952, 227, 124, 458.000008, 400, 118, 712.999971, 154, 127, 
198855, 934573  , 8274.000090, 195, 401.999952, 360, 136, 2166.000056, 209, 187, 1715.999916, 410, 186, 3989.999940, 165, 194, 
199453, 960383  , 16805.999939, 200, 378.000007, 333, 121, 4512.000033, 204, 199, 5550.000033, 426, 197, 6366.000050, 143, 199, 
199958, 1125714  , 13513.000032, 230, 264.999982, 428, 122, 4221.000078, 244, 227, 4634.999916, 462, 228, 4391.999941, 234, 223, 
200008, 845438  , 18641.999925, 173, 1038.000000, 248, 150, 5564.999990, 165, 173, 3832.000040, 337, 172, 8206.999938, 148, 173, 
200311, 977993  , 65421.999918, 198, 634.000030, 346, 145, 19663.000038, 275, 198, 16979.999921, 466, 197, 28145.000070, 213, 198, 
200614, 864134  , 16467.999960, 175, 220.000014, 302, 78, 4785.999950, 177, 166, 4924.999960, 357, 170, 6537.000030, 136, 165, 
201111, 1287883  , 18169.999982, 260, 1018.000050, 293, 150, 4843.999996, 238, 214, 2513.999950, 457, 238, 9794.000055, 181, 233, 
201515, 1021891  , 6405.000098, 215, 175.999980, 335, 102, 1566.999918, 242, 198, 2269.999996, 480, 209, 2392.000092, 169, 207, 
202719, 1052852  , 38780.000064, 213, 2568.000073, 323, 151, 10935.000090, 256, 210, 9594.000000, 459, 208, 15682.999920, 180, 210, 
203418, 1013616  , 13758.000048, 208, 325.999968, 176, 124, 3457.999980, 263, 201, 7255.000020, 522, 205, 2718.999954, 180, 198, 
203923, 878701  , 48495.999964, 179, 861.999943, 323, 119, 18093.000003, 223, 177, 12955.000022, 443, 178, 16585.999986, 180, 174, 
204319, 963738  , 58813.999965, 201, 375.999932, 407, 154, 18557.999958, 229, 201, 11889.000054, 465, 201, 27990.999906, 157, 201, 
204521, 891049  , 15265.999944, 185, 1207.000000, 242, 142, 2236.999986, 190, 177, 2450.000010, 394, 178, 9372.000072, 162, 184, 
204622, 953736  , 32345.999950, 193, 363.999955, 369, 115, 10337.999985, 238, 185, 7448.999982, 517, 186, 14194.999944, 186, 186, 
205119, 1112163  , 49098.000088, 226, 258.999963, 325, 111, 13261.999968, 228, 224, 9297.999920, 439, 220, 26279.000100, 177, 225, 
206222, 999240  , 26087.000085, 207, 418.000044, 446, 146, 6108.999939, 263, 207, 4551.999966, 512, 207, 15007.999905, 181, 207, 
207123, 1091262  , 32562.000107, 225, 456.999981, 294, 123, 11031.999992, 250, 221, 8667.999899, 475, 221, 12405.000080, 194, 220, 
208125, 1012114  , 30536.999984, 206, 158.999966, 443, 94, 7412.999940, 260, 204, 7151.000088, 466, 204, 15813.999940, 171, 206, 
208327, 1136597  , 24319.999900, 232, 118.000000, 445, 64, 6772.999926, 263, 218, 4430.000036, 516, 196, 12999.000024, 208, 228, 
209228, 972244  , 46616.999919, 199, 1729.999977, 393, 159, 13526.999926, 240, 199, 11857.000085, 474, 199, 19502.999975, 176, 199, 
210415, 926392  , 94126.000053, 191, 17663.000076, 260, 186, 26625.999931, 201, 191, 19794.999913, 367, 191, 30041.999978, 120, 191, 
211215, 1061287  , 36967.999968, 218, 145.999979, 415, 79, 10782.000072, 230, 216, 8248.000035, 515, 209, 17791.999920, 162, 215, 
211316, 752318  , 21698.000000, 154, 1110.999954, 364, 122, 6391.000056, 241, 152, 7269.000000, 415, 150, 6927.000017, 168, 149, 
211922, 819020  , 39351.000070, 170, 505.000038, 297, 134, 11879.000070, 186, 170, 10432.000020, 440, 170, 16535.000020, 157, 170, 
212015, 1057878  , 52529.999915, 215, 118.999972, 338, 91, 15811.000092, 247, 214, 5578.999944, 480, 213, 31021.000015, 176, 215, 
212419, 878207  , 17364.000060, 182, 334.000030, 372, 130, 4465.000053, 219, 177, 2567.999984, 434, 176, 9997.000020, 163, 180, 
213421, 1061514  , 8055.000096, 216, 1610.000028, 494, 156, 2431.000015, 266, 193, 1642.000035, 542, 195, 2372.000036, 181, 196, 
214019, 850348  , 9669.000084, 174, 989.000012, 253, 139, 2370.000061, 267, 169, 3365.999931, 469, 173, 2943.999954, 192, 171, 
214221, 872489  , 51538.999946, 180, 5415.000000, 327, 160, 9962.999980, 182, 178, 11261.000010, 376, 178, 24899.999955, 165, 179, 
214423, 1094899  , 41200.999903, 224, 364.000000, 377, 140, 14876.000088, 301, 213, 9001.999977, 593, 211, 16959.000096, 170, 214, 
214524, 976989  , 48104.000010, 199, 415.999962, 407, 119, 15758.999982, 206, 198, 14950.999997, 514, 197, 16978.000050, 183, 198, 
220721, 894068  , 8554.000000, 183, 1084.000038, 348, 121, 1865.999982, 210, 161, 2476.999997, 426, 163, 3126.999934, 164, 166, 
221319, 951707  , 43603.999973, 193, 1279.999980, 280, 140, 12156.999941, 229, 193, 8716.000046, 422, 193, 21451.000054, 179, 193, 
227432, 1284964  , 76417.999987, 260, 3266.999918, 364, 182, 22524.000108, 229, 258, 16910.999924, 509, 259, 33715.999877, 187, 257, 
228434, 849490  , 22593.999988, 173, 488.999944, 423, 131, 3665.999916, 231, 172, 6274.999948, 425, 173, 12163.999960, 172, 172, 
233326, 1037581  , 22603.999930, 214, 182.000000, 333, 104, 7661.000000, 226, 200, 4394.999966, 460, 194, 10365.999917, 155, 203, 
248339, 988929  , 13327.999996, 202, 392.999952, 357, 152, 2752.999920, 229, 198, 3008.000092, 431, 197, 7173.999902, 210, 202, 
250427, 835720  , 14720.000064, 170, 1087.000010, 305, 131, 3224.000045, 174, 161, 1814.000054, 338, 158, 8595.000068, 133, 164, 
250932, 1077968  , 77833.999970, 223, 1015.000000, 331, 203, 16747.000065, 210, 223, 17410.000027, 415, 223, 42661.999991, 175, 223, 
255639, 970217  , 71846.000076, 197, 450.999969, 303, 147, 22481.999919, 197, 197, 15360.999943, 413, 197, 33552.000037, 150, 197, 
257542, 1007617  , 19751.999970, 206, 141.000028, 394, 92, 6147.000030, 218, 205, 4715.999981, 409, 203, 8747.999914, 162, 206, 
257845, 1031055  , 38969.000070, 210, 399.000056, 339, 139, 10205.000000, 186, 208, 7960.999904, 389, 208, 20404.000050, 158, 210, 
268850, 1067128  , 30146.000003, 217, 243.000009, 353, 129, 8042.999968, 200, 214, 4673.000086, 466, 214, 17187.000025, 161, 215, 
285446, 1004637  , 12895.000000, 207, 583.999980, 428, 102, 3059.999932, 240, 187, 3801.000000, 476, 192, 5450.000010, 202, 195, 
293748, 912994  , 13828.999935, 185, 322.000036, 230, 97, 2721.999972, 175, 174, 1394.000030, 354, 158, 9391.000020, 151, 183, 
295146, 871719  , 47899.000068, 178, 482.000052, 346, 127, 12634.999988, 179, 178, 7343.000052, 367, 177, 27438.999930, 142, 178, 
297655, 809702  , 38885.999992, 166, 846.999975, 265, 113, 13840.999988, 179, 166, 6535.000004, 402, 164, 17662.999924, 123, 166, 
298051, 1121095  , 19838.999985, 228, 802.999971, 336, 177, 6457.000044, 213, 204, 5743.000044, 420, 204, 6836.000031, 178, 203, 
299154, 939665  , 4696.999938, 190, 1300.000045, 280, 95, 535.000024, 260, 104, 1129.000005, 535, 119, 1732.999995, 212, 135, 
300618, 1267856  , 71148.000077, 259, 2217.000050, 485, 218, 21863.999892, 223, 259, 19961.999994, 477, 258, 27105.000090, 190, 259, 
303119, 900340  , 6586.999925, 185, 82.999980, 351, 57, 2153.999961, 239, 171, 1530.999940, 437, 170, 2819.000066, 155, 181, 
304727, 827797  , 7543.999978, 170, 87.000018, 379, 42, 2089.000035, 226, 153, 2005.999990, 451, 157, 3362.000021, 169, 163, 
308331, 985443  , 71009.999946, 207, 118.000030, 339, 74, 24947.000052, 182, 206, 14737.999955, 417, 203, 31206.999978, 135, 207, 
309636, 978867  , 21596.999961, 201, 601.999944, 361, 168, 5195.999946, 201, 201, 6408.999972, 438, 201, 9390.000018, 170, 201, 
310621, 839020  , 23186.999961, 171, 274.000042, 309, 86, 7214.000079, 196, 169, 5619.999987, 450, 171, 10078.999950, 160, 170, 
316633, 927283  , 37433.999988, 189, 1176.000048, 305, 144, 10596.999987, 206, 189, 7401.999969, 373, 189, 18259.000074, 137, 189, 
316835, 744271  , 75618.999992, 152, 1091.000040, 317, 130, 25695.999935, 244, 151, 14989.000051, 515, 151, 33843.000032, 149, 152, 
318637, 1041830  , 14283.000060, 211, 264.000000, 362, 100, 2628.999981, 288, 207, 4233.000064, 499, 206, 7156.999920, 221, 210, 
336841, 912972  , 35104.000038, 187, 617.000020, 376, 140, 9302.000058, 225, 186, 7675.000026, 418, 186, 17510.000010, 154, 186, 
352132, 968976  , 17740.000006, 196, 228.000026, 348, 101, 6231.000006, 241, 189, 7910.000083, 450, 191, 3370.999950, 184, 190, 
361941, 1011391  , 72707.999903, 209, 190.000032, 423, 96, 21979.999992, 244, 204, 16083.999981, 482, 207, 34453.999908, 192, 207, 
371843, 957809  , 11238.000060, 196, 855.000000, 278, 160, 2382.999950, 268, 193, 4094.000042, 608, 194, 3906.000042, 218, 191, 
377451, 1009103  , 31943.999966, 210, 586.000008, 366, 132, 10678.000000, 240, 200, 8274.000063, 504, 203, 12406.000084, 164, 202, 
380036, 1060340  , 17413.000070, 217, 438.000038, 385, 134, 3183.000052, 230, 202, 1823.999951, 474, 197, 11967.999909, 191, 213, 
381038, 914181  , 10265.999952, 187, 120.000030, 383, 82, 1431.000000, 202, 180, 1763.999936, 452, 181, 6951.000056, 165, 182, 
386250, 1006999  , 6960.999931, 211, 237.000000, 387, 120, 2095.000011, 220, 207, 2754.999962, 436, 209, 1873.999963, 186, 209, 
387959, 1049005  , 14987.999964, 221, 158.999966, 406, 94, 4216.000090, 255, 214, 3936.000016, 524, 208, 6677.000010, 187, 215, 
393247, 927560  , 67955.000008, 192, 394.000050, 370, 111, 23680.999944, 224, 186, 17374.000017, 430, 187, 26506.000032, 162, 184, 
393550, 903098  , 7121.000068, 184, 79.000020, 356, 55, 1755.000078, 196, 178, 1884.000060, 392, 178, 3403.000084, 152, 178, 
395251, 986520  , 28172.999953, 204, 382.999974, 424, 147, 8475.999992, 234, 202, 8738.999983, 482, 203, 10574.999988, 168, 203, 
395756, 959987  , 30557.999948, 196, 533.000022, 299, 141, 10076.999985, 250, 195, 13222.000064, 474, 196, 6726.000013, 173, 193, 
397154, 996992  , 36153.000018, 207, 175.999980, 298, 102, 10404.999900, 209, 207, 15280.999992, 438, 207, 10291.000000, 144, 205, 
397760, 1022860  , 31685.000080, 207, 1661.999955, 327, 165, 10066.000021, 194, 203, 8377.000094, 392, 206, 11579.999940, 150, 201, 
412528, 782113  , 4941.999972, 161, 309.999994, 241, 89, 1447.999962, 208, 159, 1997.000000, 397, 160, 1187.000070, 152, 157, 
414229, 1024833  , 13243.999932, 207, 339.999984, 352, 114, 3732.000000, 177, 200, 4613.999968, 347, 202, 4557.999930, 142, 205, 
432332, 975319  , 51393.000000, 200, 681.999939, 333, 177, 14964.999995, 205, 199, 10377.000000, 407, 200, 25369.000000, 155, 200, 
433839, 997823  , 50107.999908, 206, 169.999960, 373, 104, 13118.000088, 222, 204, 15009.999960, 502, 205, 21809.999994, 173, 202, 
436845, 866445  , 59252.000016, 176, 242.000020, 183, 115, 21771.000064, 230, 176, 12053.999936, 369, 176, 25185.000016, 161, 176, 
449753, 1199568  , 24411.999920, 245, 393.000036, 498, 169, 4605.000000, 249, 240, 3610.000080, 551, 240, 15803.999883, 187, 241, 
459453, 813763  , 65578.999980, 169, 3447.000018, 289, 161, 19656.999921, 203, 169, 17714.999965, 427, 169, 24760.000044, 155, 169, 
465852, 783668  , 13511.999946, 160, 791.999944, 328, 136, 3408.000035, 211, 155, 2438.000048, 341, 152, 6874.000056, 156, 154, 
479762, 946825  , 57263.999959, 193, 164.999997, 446, 81, 19230.999936, 251, 192, 8073.999941, 524, 191, 29793.999936, 189, 192, 
495255, 1223117  , 34857.000012, 246, 386.000030, 377, 130, 10591.999911, 260, 243, 6578.000107, 517, 239, 17301.000115, 213, 245, 
499566, 1011149  , 5124.000010, 209, 967.000047, 343, 123, 1085.000076, 216, 188, 1703.999986, 420, 199, 1368.000019, 177, 193, 
510326, 1010047  , 25782.000012, 204, 280.999946, 380, 127, 6451.000000, 195, 200, 7336.999964, 419, 202, 11713.000068, 149, 204, 
517239, 976075  , 68399.000010, 199, 304.000050, 530, 106, 21932.000046, 258, 198, 16024.000014, 447, 198, 30139.000056, 189, 198, 
520228, 1011166  , 7030.999998, 205, 189.999980, 371, 103, 2232.000030, 245, 195, 1778.000050, 449, 190, 2831.000088, 175, 196, 
524135, 1074111  , 14245.000066, 219, 339.000034, 338, 134, 4761.999955, 219, 215, 2384.999968, 459, 208, 6759.000072, 181, 216, 
525541, 856185  , 42948.000036, 177, 281.999975, 387, 113, 14483.000048, 243, 176, 12677.999950, 470, 175, 15504.999990, 143, 177, 
529549, 795935  , 44886.999984, 163, 175.999960, 378, 94, 9538.999936, 258, 163, 13009.000008, 460, 163, 22162.999975, 206, 163, 
529953, 1011370  , 23595.000095, 211, 236.999971, 440, 107, 6426.999974, 267, 206, 5601.999936, 491, 204, 11328.999973, 218, 211, 
530635, 1022306  , 13968.999915, 207, 233.000000, 397, 100, 4618.000000, 219, 200, 3455.999959, 465, 197, 5661.999939, 182, 199, 
553344, 897047  , 26182.000026, 182, 945.000054, 258, 158, 8829.000000, 236, 180, 7335.999974, 473, 178, 9072.000007, 168, 181, 
555348, 892512  , 54720.999970, 182, 966.000014, 208, 133, 13507.999954, 175, 181, 17489.000074, 378, 182, 22757.999992, 177, 182, 
555651, 965927  , 34303.999950, 199, 522.999928, 378, 152, 10477.999935, 255, 195, 9259.000000, 551, 197, 14044.000035, 171, 195, 
559053, 890870  , 22041.000061, 182, 494.999970, 380, 123, 5927.999922, 222, 179, 4566.999934, 394, 178, 11051.000069, 169, 181, 
561444, 1301742  , 43378.000012, 268, 363.999974, 492, 169, 13230.000054, 303, 267, 12350.000120, 574, 268, 17434.000052, 240, 268, 
562345, 925119  , 101245.999964, 188, 3012.999913, 333, 187, 35591.000040, 217, 188, 19358.999952, 423, 188, 43282.999924, 171, 188, 
567052, 1124176  , 10913.000038, 229, 20.999998, 390, 17, 2263.999946, 259, 206, 2847.999968, 532, 188, 5779.999985, 183, 227, 
567961, 865557  , 33618.000060, 181, 662.000062, 333, 146, 11371.000060, 223, 179, 7193.999976, 460, 179, 14391.000000, 168, 180, 
568963, 912124  , 31212.000072, 186, 2868.999936, 252, 176, 8120.999940, 183, 186, 7378.999998, 383, 186, 12842.999982, 145, 186, 
571144, 1063854  , 30610.999960, 218, 222.000008, 414, 118, 9535.000050, 224, 214, 8156.000060, 397, 215, 12698.000086, 162, 214, 
573249, 1001277  , 13131.999933, 204, 145.999995, 314, 85, 3544.000020, 223, 198, 4369.000026, 413, 199, 5072.999976, 162, 198, 
576255, 916146  , 57083.000052, 188, 2578.000048, 365, 151, 16691.999992, 194, 188, 14549.000024, 387, 188, 23263.999979, 145, 187, 
580044, 838180  , 21555.000048, 173, 380.000040, 316, 140, 5348.999975, 184, 173, 4166.999965, 399, 173, 11659.000072, 159, 173, 
580751, 1124347  , 5798.999992, 228, 207.000015, 387, 111, 1503.999936, 234, 192, 1662.999954, 551, 203, 2425.000101, 205, 213, 
581349, 1042642  , 61644.000024, 216, 499.999984, 195, 179, 20807.000064, 165, 216, 15909.999912, 396, 216, 24427.000008, 144, 216, 
585256, 994659  , 18822.000036, 203, 296.000056, 300, 136, 7718.000000, 188, 200, 5443.000090, 354, 202, 5365.000000, 172, 200, 
587664, 714099  , 8393.000055, 146, 222.000025, 351, 85, 2302.000056, 247, 142, 2742.999945, 458, 145, 3126.000051, 240, 139, 
597869, 1097512  , 14477.999952, 228, 82.000026, 429, 54, 3398.000076, 279, 213, 1785.000076, 520, 211, 9213.000060, 161, 220, 
598568, 1106303  , 17025.000072, 233, 1085.999940, 378, 135, 4951.000010, 283, 230, 3677.000026, 598, 227, 7310.999892, 199, 228, 
599671, 1050377  , 19025.000037, 215, 562.999944, 369, 152, 5827.000054, 210, 211, 2630.000004, 376, 202, 10005.000082, 192, 211, 
604537, 1215313  , 40646.000000, 251, 220.000014, 432, 117, 14728.000000, 221, 250, 13218.999912, 497, 248, 12479.000034, 168, 249, 
611938, 1097317  , 8364.999900, 223, 197.999985, 368, 115, 1640.999953, 189, 197, 1899.000000, 432, 200, 4626.999930, 175, 210, 
616645, 1160058  , 40800.999966, 237, 194.999944, 380, 116, 11683.999986, 220, 237, 6174.999944, 482, 236, 22747.000011, 174, 237, 
618952, 1133130  , 21366.999936, 229, 1228.000089, 409, 183, 6673.000098, 247, 222, 6646.999902, 485, 222, 6819.000100, 163, 220, 
622236, 1040822  , 30090.999980, 218, 1063.000050, 314, 177, 11491.999928, 251, 218, 7149.999970, 522, 218, 10385.999967, 187, 217, 
627549, 952029  , 15257.000064, 192, 1533.000059, 356, 149, 3714.000066, 272, 189, 3104.999919, 483, 189, 6905.000064, 159, 192, 
633847, 881866  , 23011.000020, 180, 701.999974, 336, 146, 6117.000082, 210, 178, 3839.999975, 421, 175, 12351.999960, 159, 180, 
638049, 994721  , 11380.999917, 203, 2274.000000, 325, 128, 2916.999909, 252, 199, 3298.999966, 488, 202, 2890.999980, 214, 198, 
645450, 950333  , 5841.999930, 192, 296.999968, 364, 86, 1313.000040, 206, 165, 1709.000011, 395, 167, 2522.999934, 171, 182, 
654350, 824491  , 56851.000050, 167, 936.000033, 285, 127, 16344.999930, 264, 166, 12812.000018, 626, 166, 26757.999986, 187, 166, 
654754, 847567  , 8765.000010, 172, 310.000020, 332, 110, 2486.000076, 214, 167, 2488.000032, 397, 166, 3480.999975, 172, 171, 
656253, 1155710  , 102296.999894, 233, 783.999976, 381, 202, 34077.000027, 244, 233, 28412.999998, 522, 233, 39023.000071, 199, 233, 
656657, 1224653  , 26064.999888, 249, 255.999996, 589, 126, 9865.000032, 351, 244, 2992.000064, 640, 232, 12951.999948, 215, 244, 
657659, 909052  , 33909.000037, 187, 218.999984, 403, 112, 11401.999994, 263, 187, 9240.999944, 487, 187, 13046.999946, 139, 186, 
660951, 944832  , 12494.000064, 192, 189.999996, 366, 87, 3205.000008, 199, 189, 3131.999912, 424, 188, 5967.000056, 173, 188, 
663755, 1052327  , 43052.000040, 216, 327.000002, 419, 139, 14293.000080, 276, 214, 6086.000010, 511, 213, 22346.000064, 198, 216, 
664757, 1072295  , 12405.999980, 220, 402.999960, 372, 110, 3643.999918, 242, 214, 3096.000030, 455, 218, 5263.000056, 182, 216, 
667056, 993153  , 18416.999934, 202, 1700.000010, 264, 186, 5532.999978, 196, 202, 4159.000018, 403, 202, 7025.000049, 140, 201, 
671855, 942184  , 27238.000052, 191, 393.000048, 323, 129, 5557.999941, 251, 179, 6282.999975, 483, 177, 15004.000055, 183, 185, 
672756, 1053049  , 17658.999939, 214, 101.999996, 420, 67, 5560.000008, 229, 204, 3255.000030, 473, 201, 8741.999988, 173, 212, 
679568, 851300  , 14598.999975, 178, 886.999950, 297, 103, 3103.000048, 218, 164, 5417.000020, 394, 170, 5192.000043, 159, 163, 
679770, 894565  , 7646.000087, 187, 532.000005, 264, 115, 2197.999968, 197, 184, 3591.000035, 453, 185, 1325.000082, 173, 174, 
690152, 1044102  , 33256.999988, 214, 681.999984, 366, 152, 8789.999920, 262, 208, 7536.000040, 451, 212, 16248.999912, 176, 212, 
695768, 925947  , 13001.000060, 190, 42.999996, 318, 39, 2876.000036, 211, 182, 3534.000055, 456, 185, 6548.000075, 150, 185, 
702133, 771054  , 22320.000000, 155, 245.999976, 294, 111, 7085.999995, 180, 155, 7353.999955, 391, 155, 7634.000015, 126, 155, 
715950, 877239  , 41207.000016, 179, 703.000020, 355, 116, 15465.999920, 175, 178, 12658.999930, 354, 179, 12378.999981, 137, 177, 
724446, 1123177  , 121176.000036, 234, 1418.000090, 376, 197, 41770.999998, 246, 234, 34461.000054, 463, 234, 43525.999998, 169, 234, 
725751, 889059  , 33346.999931, 179, 306.000050, 404, 115, 11668.000082, 252, 179, 8818.000030, 465, 179, 12555.000035, 215, 179, 
729557, 797375  , 7750.000006, 162, 603.999949, 239, 133, 2154.999951, 199, 153, 2285.999985, 373, 155, 2704.999990, 162, 154, 
731140, 794426  , 61481.999992, 163, 542.000018, 370, 119, 18394.000038, 251, 163, 13296.999981, 451, 163, 29249.000034, 193, 163, 
735148, 988208  , 5612.000030, 200, 235.999962, 349, 99, 1872.000064, 267, 176, 1113.000000, 463, 168, 2391.000018, 178, 179, 
744553, 1031812  , 47956.000020, 213, 450.999945, 266, 165, 16675.000005, 221, 213, 15351.000099, 421, 213, 15479.000012, 178, 212, 
748258, 843496  , 32972.999936, 172, 461.000025, 221, 135, 8724.000024, 162, 171, 5132.999956, 373, 172, 18654.999944, 149, 172, 
749058, 1017824  , 26650.999916, 206, 337.999968, 417, 96, 6071.999968, 239, 206, 8280.000050, 579, 206, 11961.000042, 186, 206, 
753150, 1130874  , 36266.000001, 231, 353.999994, 486, 129, 11328.999990, 294, 231, 8409.999910, 538, 230, 16172.999997, 207, 231, 
756055, 863077  , 21484.000032, 176, 2976.999930, 233, 174, 5370.000064, 193, 176, 6183.000032, 375, 176, 6954.000064, 141, 176, 
769064, 1039773  , 42977.999980, 212, 1726.000040, 275, 184, 9834.999914, 238, 211, 7825.999928, 428, 212, 23591.000024, 198, 212, 
770352, 813181  , 21261.999942, 166, 3976.000028, 300, 143, 6054.999966, 169, 162, 2993.999986, 387, 158, 8236.999998, 140, 162, 
782561, 1040907  , 53265.999988, 214, 1014.000000, 337, 160, 16700.999984, 204, 214, 16292.999996, 454, 214, 19257.999956, 174, 214, 
789373, 971334  , 41445.000030, 201, 365.000066, 347, 142, 12761.999937, 269, 201, 10333.000000, 495, 200, 17985.000012, 200, 201, 
800941, 927177  , 86751.000071, 193, 447.000000, 486, 120, 26045.000091, 280, 193, 23116.999986, 542, 193, 37142.000028, 198, 193, 
803240, 968654  , 85836.000000, 200, 226.000000, 369, 113, 16628.000004, 183, 198, 16354.999980, 369, 198, 52627.000000, 157, 200, 
812746, 1150353  , 37389.999999, 233, 259.000020, 410, 114, 10141.000024, 217, 232, 9013.000016, 453, 232, 17977.000008, 184, 232, 
816653, 894600  , 31365.000030, 182, 133.999972, 508, 82, 9822.999914, 301, 182, 8732.999912, 570, 182, 12674.999974, 171, 182, 
820745, 1013587  , 6768.000042, 207, 311.999972, 350, 134, 1927.999941, 251, 193, 1439.999910, 474, 186, 3088.000016, 178, 188, 
825048, 852830  , 43668.999936, 174, 1538.000030, 413, 170, 10996.999926, 210, 174, 11887.000008, 441, 174, 19247.000082, 216, 174, 
833148, 990855  , 6476.000086, 202, 304.999948, 315, 124, 2273.999904, 268, 198, 2069.000010, 501, 198, 1828.000088, 179, 181, 
833249, 939360  , 74295.999904, 196, 1659.999964, 326, 164, 25893.000028, 217, 196, 20484.999990, 456, 195, 26258.000048, 137, 196, 
835657, 918116  , 22018.999981, 188, 1007.000041, 371, 157, 6631.000068, 188, 186, 5662.999914, 441, 187, 8717.999940, 130, 185, 
837560, 838770  , 22563.000036, 175, 183.999998, 370, 98, 5746.999973, 198, 169, 6867.000068, 444, 172, 9765.000051, 157, 173, 
849264, 936299  , 25337.000080, 190, 222.999950, 208, 115, 6972.000030, 159, 190, 8848.999960, 339, 190, 9292.999968, 129, 189, 
849971, 935231  , 10911.999990, 191, 551.999968, 350, 104, 1867.999945, 197, 185, 2934.000080, 448, 187, 5557.999923, 154, 189, 
865363, 918167  , 17989.999932, 188, 128.999968, 376, 76, 5054.999934, 236, 186, 4173.000024, 445, 186, 8633.000044, 175, 188, 
872562, 1114141  , 30038.999954, 226, 335.999958, 366, 147, 8490.000027, 198, 223, 6259.000095, 446, 223, 14954.000096, 170, 224, 
877269, 830191  , 33000.999984, 171, 1391.000052, 299, 148, 11472.999950, 181, 170, 6241.000050, 359, 170, 13895.999920, 150, 170, 
889579, 1145290  , 11403.999938, 232, 48.000010, 436, 34, 4478.000007, 318, 201, 2198.999919, 612, 183, 4679.000000, 231, 200, 
894067, 1018589  , 6163.000000, 207, 88.000003, 369, 61, 1812.999960, 294, 174, 1143.000081, 602, 171, 3119.000094, 195, 189, 
894774, 1195920  , 33444.999968, 244, 1040.999939, 398, 211, 7142.999931, 266, 239, 8465.999982, 478, 242, 16795.000113, 204, 239, 
898176, 1285087  , 103091.999990, 260, 726.000050, 334, 181, 36832.999935, 248, 255, 18174.000125, 487, 251, 47359.000024, 189, 254, 
899885, 1001545  , 41380.000095, 203, 3428.000037, 320, 187, 8522.000088, 237, 203, 7362.000090, 462, 202, 22068.000080, 160, 203, 
901442, 835988  , 33056.000030, 170, 684.000036, 301, 138, 9315.000060, 195, 170, 9460.999970, 413, 170, 13596.000070, 154, 170, 
907656, 835085  , 14442.000037, 173, 1104.000004, 234, 149, 3903.000075, 162, 169, 3198.000013, 313, 169, 6236.999979, 119, 173, 
912447, 1176771  , 25968.999910, 240, 120.999973, 374, 59, 6028.000028, 241, 236, 2612.999925, 503, 225, 17206.999922, 205, 238, 
919966, 1039341  , 18614.999970, 217, 129.000009, 295, 97, 5205.999911, 223, 217, 5404.000104, 431, 216, 7876.000008, 142, 216, 
922854, 882868  , 44158.999996, 182, 130.000008, 389, 86, 15057.000064, 290, 178, 11129.999936, 561, 176, 17842.000020, 217, 174, 
923755, 1182664  , 27370.999920, 242, 263.000042, 358, 113, 9409.000014, 258, 237, 6556.999928, 427, 236, 11141.999988, 171, 238, 
930449, 760085  , 37837.999992, 156, 236.999958, 333, 102, 10396.999944, 242, 153, 10523.000034, 567, 153, 16680.999972, 175, 156, 
947668, 985697  , 18825.999985, 200, 88.000000, 332, 64, 4670.000010, 214, 195, 3767.999964, 446, 188, 10299.999996, 152, 198, 
952863, 895008  , 88272.999935, 185, 1138.000041, 384, 171, 25702.000050, 222, 185, 25389.000030, 392, 185, 36043.999920, 177, 185, 
955465, 1071320  , 40448.999970, 219, 910.999992, 380, 152, 9264.000024, 238, 216, 10797.999980, 420, 218, 19476.000100, 219, 218, 
957974, 965743  , 23774.000000, 200, 442.999935, 309, 147, 6920.000000, 226, 200, 6146.000000, 473, 200, 10265.000000, 172, 200, 
966975, 1122886  , 54546.000023, 227, 320.999988, 362, 123, 16221.999985, 203, 227, 13898.000090, 494, 227, 24104.999929, 143, 227, 
984472, 900798  , 16355.000080, 186, 146.000016, 337, 72, 2428.999926, 192, 173, 2335.999920, 406, 170, 11443.999939, 161, 181, 
987983, 838577  , 25282.000074, 174, 2333.000040, 245, 164, 6474.000078, 240, 174, 5528.000010, 455, 174, 10946.999982, 208, 174, 
993675, 848382  , 15052.999956, 174, 608.999963, 281, 143, 3192.000000, 186, 168, 3782.999997, 425, 171, 7468.999938, 139, 174, 
994273, 1048794  , 14014.999901, 218, 114.999962, 399, 77, 3683.999942, 225, 214, 6005.000016, 470, 216, 4210.999920, 172, 216, 
